1 24
1 35
1 9
1 23
1 42
1 8
1 50
1 40
1 52
1 25
1 21
1 32
1 38
1 39
1 55
1 6
1 54
1 15
1 2
1 13
1 49
1 19
1 34
1 46
1 43
1 7
1 5
1 28
1 27
1 45
1 33
2 12
2 15
2 5
2 20
3 13
3 18
3 14
3 43
3 28
3 32
3 26
3 21
3 46
3 15
3 5
3 45
3 27
3 41
3 36
3 39
3 53
4 49
4 25
4 50
4 8
4 20
4 55
4 22
4 43
4 40
4 28
4 45
4 32
5 38
5 53
5 22
5 15
5 28
5 45
5 24
5 35
5 54
5 1
5 43
5 8
5 40
5 7
5 6
5 21
5 27
5 32
5 33
6 24
6 38
6 53
6 5
6 49
6 40
6 14
6 3
6 41
6 54
6 37
6 7
6 43
6 1
6 15
6 21
6 28
6 27
6 32
6 45
6 33
7 43
7 9
7 33
7 15
7 5
7 21
7 6
7 24
7 38
7 1
7 28
7 27
7 32
7 45
7 55
8 20
8 55
8 50
8 4
8 22
8 43
8 23
8 1
8 40
8 21
8 6
8 32
8 15
8 54
8 38
8 5
8 53
8 28
8 45
8 10
8 13
9 12
9 14
9 11
9 25
9 10
9 40
9 17
9 54
9 31
9 8
9 43
9 33
9 1
9 23
9 15
9 5
9 6
9 21
9 28
9 32
9 46
9 27
9 45
9 52
9 35
9 13
10 48
10 25
10 11
10 9
10 13
10 55
10 40
10 43
11 10
11 9
11 40
12 15
12 50
12 25
12 9
12 43
12 8
12 17
12 48
12 24
12 18
12 14
12 2
12 46
12 40
12 1
12 32
12 6
12 10
13 9
13 43
13 10
13 48
13 40
13 16
13 38
13 55
14 13
14 12
14 24
14 43
14 30
14 1
14 52
14 50
14 21
14 15
14 5
14 28
14 45
14 32
14 27
14 6
15 24
15 53
15 40
15 22
15 1
15 5
15 28
15 27
15 45
15 43
15 54
15 8
15 42
15 52
15 41
15 51
15 11
15 50
15 38
15 18
15 49
15 21
15 7
15 6
15 32
15 33
16 17
16 49
16 29
16 40
16 11
16 6
16 38
16 34
16 10
17 9
17 12
17 11
17 39
17 18
17 2
17 8
17 20
17 40
17 43
17 36
17 16
17 1
17 25
18 13
18 8
18 26
18 3
18 28
18 53
18 39
18 35
18 37
18 41
18 11
18 36
18 15
18 25
18 43
19 13
19 23
19 8
19 50
19 39
19 53
19 46
19 15
19 5
19 1
19 28
19 27
19 45
19 32
19 7
19 24
19 34
19 38
19 35
20 8
20 55
20 50
20 4
20 22
20 17
20 46
20 1
21 24
21 38
21 53
21 51
21 15
21 43
21 1
21 8
21 23
21 3
21 18
21 52
21 41
21 5
21 33
21 7
21 6
21 28
21 27
21 32
21 45
22 5
22 15
22 40
22 8
22 43
22 21
22 28
22 42
22 31
22 50
22 54
22 20
22 24
22 25
22 32
23 13
23 43
23 9
23 35
23 8
23 6
23 21
23 30
23 32
23 39
23 1
23 28
23 45
23 15
23 55
23 27
23 19
23 24
23 34
23 38
23 46
24 34
24 19
24 38
24 13
24 9
24 52
24 12
24 23
24 21
24 15
24 1
24 40
24 6
24 5
24 45
24 28
24 27
24 46
24 35
25 9
25 48
25 10
25 18
25 55
25 4
25 8
25 14
25 52
25 1
25 43
25 12
26 18
26 55
26 50
26 43
26 15
26 5
26 28
26 45
26 54
26 41
26 36
26 39
26 3
26 53
27 28
27 38
27 24
27 53
27 15
27 45
27 46
27 23
27 19
27 43
27 39
27 52
27 50
27 12
27 7
27 1
27 5
27 6
27 21
27 32
27 33
28 27
28 24
28 53
28 5
28 45
28 43
28 38
28 8
28 15
28 35
28 55
28 20
28 31
28 41
28 3
28 50
28 39
28 7
28 16
28 40
28 10
28 1
28 6
28 21
28 32
28 33
29 12
29 40
29 48
29 25
29 8
29 4
29 53
29 54
29 31
30 12
30 15
30 38
30 37
30 27
30 41
30 43
30 5
30 22
30 52
30 18
30 32
30 14
30 28
31 43
31 15
31 1
31 40
31 29
31 42
31 48
31 50
31 54
31 8
31 13
31 52
31 22
31 5
31 21
31 28
31 19
31 45
31 32
32 53
32 27
32 45
32 9
32 43
32 23
32 21
32 13
32 8
32 50
32 46
32 15
32 18
32 41
32 4
32 7
32 1
32 5
32 6
32 28
32 33
33 43
33 1
33 15
33 5
33 6
33 21
33 28
33 27
33 32
33 45
33 47
33 7
34 24
34 19
34 38
34 43
34 32
34 46
34 1
34 35
34 23
35 43
35 1
35 49
35 23
35 36
35 15
35 19
35 24
35 34
35 38
35 46
35 25
36 11
36 48
36 10
36 43
36 12
36 17
36 40
36 18
36 41
36 35
36 26
36 39
36 3
36 53
37 38
37 39
37 16
37 28
37 45
37 5
37 15
37 52
38 24
38 34
38 19
38 39
38 18
38 28
38 5
38 45
38 32
38 26
38 41
38 52
38 21
38 6
38 27
38 14
38 54
38 15
38 46
38 1
38 35
38 23
38 48
38 13
39 13
39 52
39 37
39 36
39 38
39 16
39 43
39 40
39 5
39 48
39 18
39 26
39 41
39 3
39 53
40 10
40 12
40 31
40 1
40 55
40 54
40 15
40 29
40 49
40 16
40 13
40 43
41 13
41 43
41 11
41 36
41 38
41 37
41 18
41 51
41 53
41 52
41 15
41 5
41 1
41 22
41 28
41 27
41 6
41 21
41 26
41 39
41 3
42 12
42 40
42 49
42 43
42 25
42 31
42 22
42 23
42 15
42 55
42 1
42 28
42 5
43 50
43 15
43 25
43 9
43 44
43 24
43 12
43 14
43 1
43 23
43 8
43 6
43 35
43 32
43 38
43 54
43 34
43 53
43 5
43 28
43 45
43 52
43 18
43 27
43 21
43 55
43 4
43 46
43 7
43 13
43 19
43 33
44 9
44 12
45 38
45 24
45 53
45 40
45 15
45 5
45 28
45 32
45 27
45 23
45 54
45 34
45 41
45 39
45 26
45 4
45 55
45 18
45 46
45 43
45 7
45 33
45 1
45 6
45 21
46 43
46 8
46 40
46 19
46 45
46 54
46 27
46 32
46 28
46 24
46 4
46 16
46 34
46 38
46 1
46 35
46 23
47 43
47 28
47 18
47 15
48 40
48 17
48 10
48 13
48 12
48 23
48 8
48 1
48 27
48 28
48 11
48 14
48 31
49 42
49 23
49 48
49 8
49 20
49 50
49 40
49 25
49 27
49 15
49 5
49 26
50 15
50 20
50 8
50 55
50 4
50 22
50 12
50 43
50 28
50 38
50 1
50 42
50 23
51 43
51 22
51 8
51 28
51 15
51 41
51 45
51 32
51 1
51 18
51 7
51 53
52 43
52 38
52 39
52 37
52 8
52 24
52 34
52 23
52 18
52 21
52 15
52 32
52 5
52 1
53 51
53 43
53 12
53 15
53 52
53 8
53 18
53 25
53 11
53 39
53 36
53 28
53 5
53 45
53 19
53 27
53 26
53 41
53 3
54 43
54 15
54 1
54 40
54 49
54 31
54 42
54 23
54 22
54 8
55 20
55 8
55 50
55 4
55 22
55 40
55 31
55 25
55 13
55 10
55 43
